[gd_scene load_steps=13 format=2]

[ext_resource path="res://Lamp.glb" type="PackedScene" id=1]
[ext_resource path="res://Terrain.tscn" type="PackedScene" id=2]
[ext_resource path="res://Lamp.gd" type="Script" id=3]
[ext_resource path="res://Dagger.glb" type="PackedScene" id=4]
[ext_resource path="res://Bird.glb" type="PackedScene" id=5]
[ext_resource path="res://Mouse.glb" type="PackedScene" id=6]
[ext_resource path="res://Bear.glb" type="PackedScene" id=7]
[ext_resource path="res://Umbrella.glb" type="PackedScene" id=8]
[ext_resource path="res://Rain.glb" type="PackedScene" id=9]
[ext_resource path="res://Rain.gd" type="Script" id=10]

[sub_resource type="CapsuleShape" id=1]
radius = 0.447368
height = 0.811588

[sub_resource type="Animation" id=2]
resource_name = "Attack"
length = 0.5
tracks/0/type = "transform"
tracks/0/path = NodePath(".")
tracks/0/interp = 1
tracks/0/loop_wrap = true
tracks/0/imported = false
tracks/0/enabled = true
tracks/0/keys = PoolRealArray( 0, 1, -0.700792, 0.79249, -0.9998, 0.287339, -0.0533849, 0.0160421, 0.956205, 1, 1, 1, 0.2, 1, -0.700792, 0.542194, -0.9998, -0.140432, -0.0278564, 0.0246708, 0.989391, 1, 1, 1, 0.4, 1, -0.700792, 0.79249, -0.9998, 0.287339, -0.0533849, 0.0160421, 0.956205, 1, 1, 1 )

[node name="Spatial" type="Spatial"]

[node name="Rain" type="Spatial" parent="."]

[node name="Rain1" parent="Rain" instance=ExtResource( 9 )]
transform = Transform( 1, 0, 0, 0, 1, 0, 0, 0, 1, 0, 0, -27.457 )
script = ExtResource( 10 )

[node name="Rain2" parent="Rain" instance=ExtResource( 9 )]
transform = Transform( 1, 0, 0, 0, 1, 0, 0, 0, 1, 1.868, 2, -27.457 )
script = ExtResource( 10 )

[node name="Rain3" parent="Rain" instance=ExtResource( 9 )]
transform = Transform( 1, 0, 0, 0, 1, 0, 0, 0, 1, 2.307, 3, -27.457 )
script = ExtResource( 10 )

[node name="Rain4" parent="Rain" instance=ExtResource( 9 )]
transform = Transform( 1, 0, 0, 0, 1, 0, 0, 0, 1, -4.792, 4, -27.457 )
script = ExtResource( 10 )

[node name="Rain5" parent="Rain" instance=ExtResource( 9 )]
transform = Transform( 1, 0, 0, 0, 1, 0, 0, 0, 1, 0, 1, -27.457 )
script = ExtResource( 10 )

[node name="Umbrella" parent="." instance=ExtResource( 8 )]
transform = Transform( 1, 0, 0, 0, 0.678147, 0.734926, 0, -0.734926, 0.678147, -10.496, 0.359628, 1.13344 )

[node name="Bear" parent="." instance=ExtResource( 7 )]
transform = Transform( -0.916261, -0.015132, 0.400295, -0.00833513, 0.99979, 0.0187153, -0.400494, 0.0138116, -0.916195, 0, 0, -19.339 )

[node name="Mouse" parent="." instance=ExtResource( 6 )]
transform = Transform( -0.996036, 0, -0.0889467, 0, 1, 0, 0.0889467, 0, -0.996036, 6.837, 0, -13.066 )

[node name="Bird" parent="." instance=ExtResource( 5 )]
transform = Transform( 0.58681, 0, -0.809724, 0, 1, 0, 0.809724, 0, 0.58681, 0, 1.66627, 2.53303 )

[node name="Terrain" parent="." instance=ExtResource( 2 )]

[node name="KinematicBody" type="KinematicBody" parent="."]
transform = Transform( 1, 0, 0, 0, 1, 0, 0, 0, 1, -0.598778, 0, 5.83336 )
script = ExtResource( 3 )

[node name="CollisionShape" type="CollisionShape" parent="KinematicBody"]
transform = Transform( 1, 0, 0, 0, -1.62921e-07, -1, 0, 1, -1.62921e-07, 0, 2.896, 0 )
shape = SubResource( 1 )

[node name="Lamp" parent="KinematicBody" instance=ExtResource( 1 )]
transform = Transform( 1, 0, 0, 0, 1, 0, 0, 0, 1, 0, 1.837, 0 )

[node name="Camera" type="Camera" parent="KinematicBody/Lamp"]
transform = Transform( 1, 0, 0, 0, 1, 0, 0, 0, 1, 0, 1.44368, 0 )
keep_aspect = 0

[node name="OmniLight" type="OmniLight" parent="KinematicBody/Lamp"]
transform = Transform( 1, 0, 0, 0, 1, 0, 0, 0, 1, 0.386196, 1.24946, -1.00004 )
light_color = Color( 0.992157, 0.654902, 0.384314, 1 )

[node name="Dagger" parent="KinematicBody/Lamp" instance=ExtResource( 4 )]
transform = Transform( 0.993785, -0.0613583, -0.0928749, -5.58794e-08, 0.834358, -0.551223, 0.111313, 0.547798, 0.829173, -0.700792, 0.79249, -0.9998 )

[node name="AnimationPlayer" type="AnimationPlayer" parent="KinematicBody/Lamp/Dagger"]
anims/Attack = SubResource( 2 )
