[gd_scene load_steps=2 format=2]

[ext_resource path="res://Lock.glb" type="PackedScene" id=1]

[node name="Lock" instance=ExtResource( 1 )]

[node name="Gear001" parent="." index="0"]
transform = Transform( 0.996201, 0, -0.0870862, 0, 1, 0, 0.0870862, 0, 0.996201, -0.847236, 1.30409, -0.381016 )

[node name="GearBox" parent="." index="1"]
transform = Transform( 0.996201, 0, -0.0870862, 0, 1, 0, 0.0870862, 0, 0.996201, -0.713338, 1.16432, -0.420554 )

[node name="Gear002" parent="." index="2"]
transform = Transform( 0.996201, 0, -0.0870862, 0, 1, 0, 0.0870862, 0, 0.996201, -0.00387666, 1.30409, -0.307291 )

[node name="Gear004" parent="." index="3"]
transform = Transform( 0.996201, 0, -0.0870862, 0, 1, 0, 0.0870862, 0, 0.996201, 0.856342, 1.30409, -0.232092 )

[node name="Gear005" parent="." index="4"]
transform = Transform( 0.996201, 0, -0.0870862, 0, 1, 0, 0.0870862, 0, 0.996201, 1.65874, 1.30409, -0.161948 )

[node name="Clue" parent="." index="5"]
transform = Transform( 0.992711, 0, -0.120518, 0, 1, 0, 0.120518, 0, 0.992711, -2.02115, 1.91917, 1.81748 )

[node name="Button001" parent="." index="6"]
transform = Transform( 0.996201, 0, -0.0870862, 0, 1, 0, 0.0870862, 0, 0.996201, -0.862581, 1.19609, -0.253213 )

[node name="Button002" parent="." index="7"]
transform = Transform( 0.996201, 0, -0.0870862, 0, 1, 0, 0.0870862, 0, 0.996201, 0.00486716, 1.19609, -0.177382 )

[node name="Button003" parent="." index="8"]
transform = Transform( 0.996201, 0, -0.0870862, 0, 1, 0, 0.0870862, 0, 0.996201, 0.893584, 1.19609, -0.0996918 )

[node name="Button004" parent="." index="9"]
transform = Transform( 0.996201, 0, -0.0870862, 0, 1, 0, 0.0870862, 0, 0.996201, 1.66865, 1.19609, -0.0319367 )
